#
# Fluorescence Model
#
name
creator
email	
doi
reference
unit
toolbox	staRdom
date
fluorometer
nSample	89
constraints
validation
methods
preprocess
sources
ecozones
description
#
# Excitation/Emission (Ex, Em), wavelength (nm), component[n] (intensity)
#
Ex	230	0.977992544782329	1	0.623487661845745	1	0	1	1
Ex	235	1	0.766330173730332	0.482140767258583	0.816143431444453	0.373876642244696	0.644997141131957	0.496096349159438
Ex	240	0.950721222285951	0.607620401567535	0.333669603363979	0.830272360856689	0.578223077177971	0.338763161496647	0.207251795912676
Ex	245	0.913894843156127	0.498595026665489	0.252895290189336	0.812602483619493	0.663817473582577	0.252861128850053	0.119232807739971
Ex	250	0.894965001719438	0.393532976086789	0.213074027880057	0.755354886066722	0.744706956135833	0.265236340446357	0.0892001655162363
Ex	255	0.851346574679348	0.28376500927384	0.198079971611753	0.759075728212291	0.807901066089973	0.332626576390505	0.0838826369430157
Ex	260	0.836859312214706	0.204980360845217	0.202331676062566	0.718341360284544	0.892256290290904	0.437507737550584	0.10099034804628
Ex	265	0.712808404918213	0.160008468776775	0.222654614399728	0.815349509315699	0.87289999430541	0.487985468306583	0.112679275808792
Ex	270	0.619156764540208	0.128773616325486	0.312819029521729	0.860806625883585	0.93437301868774	0.540201667365628	0.135014505874839
Ex	275.0700073	0.519674213783874	0.118220469315474	0.427402468657501	0.855848010025244	0.962705439764498	0.530113047147228	0.149251508979838
Ex	280	0.441359887106858	0.131728621746426	0.581107900224504	0.82910480493035	1	0.47547672979214	0.151898009146734
Ex	285	0.383433656935189	0.169964928462635	0.684125301072914	0.788453083205416	0.944291971440601	0.376024135803131	0.140930917444916
Ex	290	0.342771195205119	0.216435556803189	0.703187839667392	0.723406493587662	0.821762347016891	0.253235098602317	0.113738914985478
Ex	295	0.327961252674811	0.267013587047175	0.61180066644984	0.637398049154695	0.658257937626882	0.13941219351186	0.0766626291053298
Ex	300	0.334621811678632	0.30332206846001	0.470513949855848	0.543130172713286	0.508249207413377	0.0520574236599513	0.0467356818622738
Ex	305.0700073	0.356246071189183	0.315027581243141	0.407016863761607	0.426019203669289	0.391787030246281	0.00163873283465262	0.0272447094831589
Ex	310	0.389300616482589	0.298104134944291	0.452596816844245	0.318432708614694	0.309294806722546	0	0.0128846073887938
Ex	315	0.409110156745434	0.26299202771602	0.521844597542886	0.241048441561231	0.246668949938781	0	0.00543572914819127
Ex	320	0.422937667460242	0.214752279447813	0.614405030609644	0.178925249204566	0.202366463841257	0	0.00139696821023871
Ex	325.0700073	0.433865622537854	0.169444440581424	0.741276593532814	0.156681802570458	0.163222557527628	3.17185106058247e-21	0
Ex	330	0.430569437019647	0.128285833473086	0.832966084649937	0.140011667454595	0.127410178651339	6.24332145548341e-21	0
Ex	335.0700073	0.42864169237624	0.0955554717696008	0.942456027137687	0.161002864547143	0.0910527603576009	4.13624114337475e-21	9.30368097602964e-20
Ex	340	0.412868275442945	0.069755748520668	0.987436558967702	0.188866225164072	0.0616669453344919	0	0.000385155536345114
Ex	345.0700073	0.404792645448383	0.0448542508640772	1	0.219941373405669	0.0339299629057426	0	0.00213489616570039
Ex	350	0.381623036778901	0.0259831465258586	0.944956536375681	0.254323657355468	0.014612936143075	0	0.00362149714408925
Ex	355.0700073	0.355214230167075	0.0085240553532179	0.841039597199611	0.302466026910913	0	0.000221795435105894	0.00480971862692956
Ex	360	0.321128668229125	6.428881454941e-19	0.70400229682826	0.364198982832843	2.62991365279563e-18	0.000658822176355738	0.00210587521989602
Ex	365.0700073	0.280717953711514	0	0.540496883245031	0.427182428448372	0	0.00115522198891707	0.000433140026186912
Ex	370	0.238158277582218	0	0.364337735021764	0.473511280992138	6.85775085205822e-21	0	1.76344243445036e-20
Ex	375.0700073	0.199826483260695	0	0.209451891696516	0.510688371218436	0	0.000101741526305537	0
Ex	380	0.16691208945522	0	0.106071763864404	0.543404670170489	0	0	1.61671492584987e-21
Ex	385.0700073	0.133829496495222	0	0.0425537280949413	0.564354155461333	0	9.99485868776641e-05	0
Ex	390	0.106442899089286	0	0.0157034424724268	0.572634662429683	0	0.000165896081675506	0
Ex	395.0700073	0.0836134049389326	9.2965096253358e-19	0.00480690258152078	0.57791644804926	0	0	2.09285961072995e-21
Ex	400	0.0652817330397819	0	0.000701798023478116	0.558930584581096	0	0	8.24004050386958e-21
Ex	405	0.0463911620965538	0	7.22573548864254e-20	0.553858063768828	4.28461218196311e-20	0	0
Ex	410	0.0324748273755695	0	2.62523601785197e-21	0.527176589468169	0.00366298881760977	0	2.11401204274795e-20
Ex	415.0700073	0.0187412183376142	0.00403232774765224	5.46789830677261e-22	0.504117813087345	0.00525852560216818	0	3.26831985220799e-20
Ex	420	0.00631085168108215	0.0034184461501505	0	0.493356851738634	0.00579949808821063	0	3.17697082985267e-20
Ex	425	0	0.00269456173123148	7.65218206103693e-19	0.466694766032767	0.00550366531848875	4.87123139728579e-20	8.99998553360755e-20
Ex	430	0	0.0010147842005033	1.38157246390751e-19	0.415520133658696	0.00739418796529249	0	0
Ex	435.0700073	0	0	0	0.369530081534559	0.0066138323720286	3.41103116057559e-19	0
Ex	440	0	0	0	0.326192394146121	0.00421499036844652	0	6.55725690377627e-21
Ex	445	0	2.45615437965604e-19	0	0.287314361317243	0.00261718956071871	0	4.17719395458457e-20
Ex	450	0	0	0	0.256382822846595	0.0018982981378685	0	0
Ex	455	0	0	0	0.229327231288547	0.00186193356911602	0	0
Ex	460	0	0	0	0.206874019168526	0.00157634921141656	0	0
Ex	465	0	2.30523843751453e-19	0	0.184439063410443	0.00228028378368536	0	5.79112606909542e-20
Ex	470	0	2.10583776187968e-19	0	0.168282392809371	0.00251643166768071	0	5.41845171277548e-20
Ex	475.0700073	0	2.01890635552096e-19	0	0.150816824997111	0.00244331128519957	0	6.05162931718656e-20
Ex	480	0	0	0	0.132228693382305	0.00164936952890798	0	0
Ex	485	0	0	0	0.115948170019265	0.000830299294942776	0	0
Ex	490	0	0	0	0.103886255243779	0.00119034658569961	0	0
Ex	495.0700073	0	1.7529643987132e-19	0	0.0953468881468186	0.00181249519427017	0	7.29593457130795e-20
Ex	500	0	4.71256946264372e-19	0	0.0898042515506286	0.0022679301636632	0	6.29719440138858e-20
Em	270	8.43144691965628e-20	1.09927321265502e-18	0.0010076923277814	0	0.0735734288027384	0.0312413972556594	0.0208604108663285
Em	272	1.31429486438331e-19	1.51814030954079e-18	0.000518861915660752	0	0.0869344166645305	0.0351998407078629	0.0284018324540147
Em	274	1.85054932639273e-19	2.16841376781379e-18	0	4.95620408825105e-20	0.110288899767307	0.0299798911835302	0.058862244519624
Em	276	2.36140882125978e-19	3.10091007265148e-18	0	1.60450219452039e-19	0.137894081165343	0.0288342215368371	0.0685375409809432
Em	278	2.66424093286936e-19	4.07586169998023e-18	0	3.29194070027345e-19	0.16803138849478	0.0333217813256124	0.0819529140944727
Em	280	2.77390010221788e-19	6.81293407495702e-18	0	9.55520958591381e-19	0.196621394598163	0.0404298317025209	0.069554242756505
Em	282	3.52230709762657e-19	7.82938662272274e-18	0	1.01960408737534e-18	0.235491034310676	0.0463401639274589	0.089290770298557
Em	284	4.25488394254157e-19	8.89780415921563e-18	0	1.10481066464196e-18	0.272252231192689	0.0601483106534286	0.110923132664387
Em	286	3.48182219257047e-20	3.54289252826915e-18	0	0	0.302002600514361	0.0833735160509516	0.154605843978878
Em	288	4.19076712969766e-20	3.2502333764231e-18	0	0	0.299186951983216	0.150014893597606	0.174085386342007
Em	290	0	2.21065986021077e-18	0	0	0.255877724192821	0.266278229373273	0.201225805451446
Em	292	0	1.40526853403861e-18	0.00137645813627183	0	0.235432569131986	0.36121050241361	0.214706352576658
Em	294	0	6.77447304013351e-19	0.00347869613748529	0	0.202826281126717	0.472109926348501	0.232138183089868
Em	296	2.43560176568096e-18	0	0.0049319485875482	0.00442441516369145	0.179608729143755	0.567993885791023	0.249127248166826
Em	298	0	0.0144894569918632	0.00335956074024136	0.0135537932783847	0.13766978650872	0.647930635225018	0.244845945702197
Em	300	0	0.0372125625926878	0.00122643990177575	0.0200227375561535	0.0823726789184432	0.727700603018525	0.258669273980033
Em	302	0	0.0539658292433023	0	0.0237806646129884	0.0480669049853252	0.786157655594247	0.249457177831973
Em	304	0.00187891925086435	0.0662923476062563	0	0.0245946954631538	0.0246665513344012	0.830505636100263	0.264602901326196
Em	306	0.00580631862467276	0.0808655631599149	0	0.0145485982437697	0	0.877043561007735	0.263382712934503
Em	308	0.00631386911136966	0.0901334380610826	0	0.00869828622573283	0	0.910590212658854	0.263412551190136
Em	310	0.00760500516646286	0.100046388933543	0	0	0	0.94219793446938	0.277511708997587
Em	312	0.0109817695689685	0.101959116936493	0	0	0	0.95800268952083	0.277546017805087
Em	314	0.0143058335202035	0.095958036071003	0	0	0	0.979897343073899	0.285556799622817
Em	316	0.017872551837392	0.0891351053482129	0	0	0	1	0.294431784399088
Em	318	0.0228194178146354	0.0807058577067325	0	0.00382629013930179	0.000446014924174901	0.991061599159119	0.330099799196994
Em	320	0.0146578722749136	0.0585210958069893	0	0.00493828132260905	0.157606912168841	0.839272413913397	0.429399086969749
Em	322	0.0106188522242002	0.0226916746762284	0	0	0.366552721023343	0.663580335927345	0.600015620391804
Em	324	0.00161744180942352	0	0	0	0.570644702595436	0.463964600627602	0.76929645420342
Em	326	4.01021723846528e-19	0	0	0	0.712357501608773	0.298422506492169	0.848999733078884
Em	328	1.00379633552009e-19	6.36101280359742e-18	0	1.63486044828582e-18	0.755395029649573	0.256661715130489	0.853868538772142
Em	330	8.0817964751267e-20	6.47926514780541e-18	0	1.61149645761931e-18	0.785033026283569	0.231328574331522	0.860240532974748
Em	332	6.57871358727673e-19	2.65436621410574e-18	0	0	0.81780915074738	0.195227099929775	0.888906683590012
Em	334	6.28095099325742e-19	0	0	0	0.848200058400247	0.156711463947026	0.910463508065368
Em	336	0	0	9.60431198113122e-19	0	0.916513387667182	0.0638521755541213	0.980743053019138
Em	338	0	0	0	2.55941027108567e-18	0.963622260882869	0	1
Em	340	5.19061151988746e-19	0	0	0	0.960245634210299	1.04833913086483e-19	0.997332320595222
Em	342	2.99058460390951e-18	0	0	9.23642112588219e-18	0.97044561513775	0	0.970650581400109
Em	344	0	0	0	0	1	0	0.935202611487785
Em	346	0.00359604416250667	0.0212978078707645	0	0	0.988513987271469	2.41754053597135e-19	0.903697515782711
Em	348	0.00917129926605554	0.0380815966970055	0	0	0.980219741604915	1.89492118297223e-19	0.857471958109273
Em	350	0.0167679383576738	0.0515427612678796	0	0	0.973443329681148	4.13737189000746e-20	0.833820012460753
Em	352	0.0257905755017867	0.0690386629507404	0	0	0.95765725989322	0	0.804150327985518
Em	354	0.034691644591108	0.0867953695731027	0.0020010249101901	0	0.944335254974226	0	0.772800255407344
Em	356	0.0449933242411296	0.102319928238573	0.0054080970166452	0	0.933991826666596	0	0.743983496684886
Em	358	0.0544046560056717	0.129809252533505	0.00915692446005093	0	0.921762260125162	0	0.695367426792591
Em	360	0.0662736751021076	0.166180811543415	0.0137376685022119	0	0.901060576527012	4.79577533540137e-18	0.652130180163811
Em	362	0.0780629983521734	0.203795966114915	0.0188364325487729	0	0.873538188842054	0	0.610448615343764
Em	364	0.0903286991908577	0.243997188675825	0.0258218929583787	0	0.854707415700347	0	0.565958541658929
Em	366	0.103352845041943	0.280572686932533	0.0334120899579819	0	0.842464559982432	0.000830663889846978	0.512126608704735
Em	368	0.113713988303255	0.322293868450882	0.0445412057377057	0	0.833332697780846	0.00304486189668683	0.472170016463241
Em	370	0.127268428560501	0.365030971247114	0.05998787420125	0	0.824976306979776	0	0.443685688995514
Em	372	0.140085779920818	0.407150970781777	0.0785285799741	0	0.807154001213113	0.00463027309286069	0.406556385700014
Em	374	0.152769081217717	0.452240210653748	0.104465812005603	0	0.803952683153472	0.000116323038276988	0.38065054695909
Em	376	0.166029451740204	0.504737448995442	0.136886074609138	0	0.787234442603647	0.0108872730697444	0.342012284575034
Em	378	0.179462584742744	0.553144908383535	0.174185871562721	0	0.79515365941298	0	0.318832260621146
Em	380	0.191722312308673	0.608882952532428	0.219356727050566	0	0.787799970050932	0.00427758417575374	0.276544262502525
Em	382	0.205738518861159	0.658137911370762	0.266153450558394	0	0.781489021495649	0.00454461022054421	0.258470339451208
Em	384	0.217264422161277	0.71542969062965	0.323691955592619	0	0.782721731601251	0.0106499671823961	0.223183695562913
Em	386	0.228864909243194	0.762053835565594	0.377170090790999	0	0.796285041850947	0.00396845676295047	0.195718303088705
Em	388	0.241474089428132	0.812024649698961	0.436208719237353	0	0.803808865067156	0.00118502727952128	0.18205214095963
Em	390	0.24559819200087	0.740720293250333	0.473799940888747	0	0.670093040743773	0	0.14713552126122
Em	392	0.264257326130585	0.789187544540447	0.534868388858554	0	0.679188528508084	0	0.128031181164188
Em	394	0.284318505082441	0.835727167841843	0.60157742991079	0	0.692371996014579	0	0.121336986460211
Em	396	0.309712421474965	0.872198754827973	0.659328216731287	0	0.687144535742638	0	0.103382599118343
Em	398	0.331538534877701	0.907145038635985	0.719060075336627	0	0.682122763305915	0	0.0936961065228168
Em	400	0.356028194785238	0.937799252173114	0.775422069081845	0	0.67857249718241	0	0.0871713429252692
Em	402	0.383870604379456	0.956356526673701	0.824392497678826	0	0.66865938527603	0	0.0817502023396707
Em	404	0.41187291524256	0.978235993832316	0.870644281170871	0	0.655125388689333	0	0.0769634950390912
Em	406	0.441403188364724	0.988200498327294	0.908829140254271	0	0.650449710425314	2.39788766770069e-18	0.0651632801200768
Em	408	0.474466868926549	0.991921100056472	0.942050499839461	0	0.630439116167896	0	0.0531585558651799
Em	410	0.506463997900121	1	0.966774944258508	0	0.608233571390354	0	0.0448397540033541
Em	412	0.538380307807218	0.998391141300026	0.98161870558421	0.00445588855500439	0.585861260764624	0	0.0526574094720695
Em	414	0.569706068823719	0.992798708209856	0.993013067701265	0.0234072809124264	0.562305725162252	0	0.0408622536120533
Em	416	0.601173360762722	0.98575728717722	0.998530555046141	0.0422355799989558	0.536480232330223	0	0.0377978602987098
Em	418	0.63911992263358	0.972922456961114	1	0.0509521014100776	0.511177896058087	0.00819852137236104	0.033863418450087
Em	420	0.674482901566614	0.962904825853516	0.994947261782439	0.062884788992111	0.482471606638028	0.0132812760980895	0.0320129718353957
Em	422	0.708204616969918	0.948698871401697	0.984929157389625	0.075584537182487	0.461145669869348	0.00940073925933974	0.0394657261014825
Em	424	0.740968649292571	0.928573680711593	0.968731983537648	0.0941479604816161	0.424220759425382	0.0232503150159986	0.0308722009489029
Em	426	0.771775851502509	0.904210449558956	0.949867733020831	0.116858768015943	0.396827397365797	0.0255420417986256	0.0266599316544719
Em	428	0.804076623541852	0.876836032152669	0.922055555453945	0.138503926185854	0.358264262233768	0.0386692741811191	0.0257805486026217
Em	430	0.830567482421128	0.856491257927421	0.896128932728879	0.161631622842741	0.331979299154237	0.036856005662185	0.0330353067142506
Em	432	0.857385771868848	0.824459502100747	0.866255692008812	0.184099273801756	0.313212338585854	0.0381964173585351	0.0318449043994466
Em	434	0.881905980031772	0.794786631126418	0.833378339980674	0.207150417463855	0.274481441360788	0.0573747693967165	0.0211543475481772
Em	436	0.905852356754678	0.764683960024643	0.796349731949286	0.229101937220522	0.246650091458897	0.0566702495495934	0.0333608666940136
Em	438	0.926477441251093	0.733392204996889	0.755295064169278	0.25402558958352	0.22680467747914	0.058079916404112	0.0236478907442068
Em	440	0.938740176056861	0.70356399625107	0.721287541728704	0.284175846411963	0.200103571153631	0.0710346577697677	0.0210977678844154
Em	442	0.951911425931958	0.674885722566053	0.682819856226309	0.309838640848542	0.180472973712243	0.0734171645270299	0.015054009679015
Em	444	0.966532834982932	0.640547570015492	0.64331397624833	0.333089100639236	0.162001582601828	0.0767776524781056	0.0153003770884203
Em	446	0.976539593598086	0.603051445280246	0.602508316498465	0.360397060241129	0.164096940394953	0.0667762038090858	0.0161372578882669
Em	448	0.982232589796842	0.568104149422774	0.565478258031665	0.382969495823653	0.177625153153048	0.0448705195587872	0.0111877980564444
Em	450	0.990447602006688	0.530117582252926	0.530930148665943	0.400808380917531	0.193958206555432	0.0291390942282472	0.0158120867396031
Em	452	0.99509854044445	0.497054270518569	0.496547728321121	0.425651803213319	0.204483787868701	0.0136363063866946	0.0205756142362229
Em	454	0.997960082640291	0.470652520678099	0.46716766095617	0.44928353527919	0.204963565544752	0.00400409293590395	0.0135292645774644
Em	456	1	0.436143639481261	0.435324193156857	0.477302184709593	0.209665523592687	0.00161436089934994	0.0138802134452961
Em	458	0.997397976365207	0.404913033927838	0.407553579169482	0.509046265301762	0.213399368444808	0	0.0112929313643574
Em	460	0.932529266845424	0.391490214613107	0.354860288361499	0.540871155975714	0.0590548921044427	0.0740980905006697	0.0111342348405194
Em	462	0.938391399230252	0.363873040635392	0.33268724009	0.56792036116089	0.0769645997468072	0.0636475467858802	0.0123963571706191
Em	464	0.941299609149982	0.345084427727365	0.313443620118105	0.593860772879276	0.0859501217446945	0.0548221759312348	0.0109823888133402
Em	466	0.9420013029765	0.325996380043691	0.292814310893348	0.623679821308148	0.086335756946287	0.0578080784052181	0.0105178262142789
Em	468	0.942012634915973	0.311448413399033	0.273336198789114	0.650475379387558	0.0708713511344923	0.0642035554242006	0.00758768414115741
Em	470	0.939752669399921	0.299838872445925	0.255688943328303	0.680926784324242	0.0569235875923308	0.0719149267063547	0.00537501987740821
Em	472	0.934832653568003	0.289195129387817	0.236971209863603	0.712545892903797	0.0333385124686157	0.0839311980902014	0.00400030892346245
Em	474	0.929158727369065	0.279835629535737	0.220321612861873	0.739100909264957	0.0199092734139	0.0924764685882009	0.00111413215961997
Em	476	0.920463678349677	0.270154153464053	0.202415555924557	0.770930807720941	0.00298683338737217	0.100293640841256	0
Em	478	0.910979452034337	0.256874522997021	0.186992376270897	0.795725266341661	0.00548802904664312	0.0929658669778911	0.00656373320548522
Em	480	0.900713074236177	0.24361473833066	0.173186051547094	0.820334700507381	0.00927136058495422	0.0890983099259351	0.0119992342239158
Em	482	0.888941584203559	0.228537752053098	0.160260696434832	0.844439423968041	0.00585155672884619	0.0934820455560603	0.00837128889850363
Em	484	0.874155529608667	0.214690214455227	0.149783186135912	0.871565432086304	0.010698004122564	0.0917452809308437	0.00886878458525291
Em	486	0.859903891351602	0.198773787347349	0.136433969800537	0.895966023148866	0.0159993408052379	0.0844109143148627	0.0035164390522876
Em	488	0.847208604025859	0.184029176998978	0.126791217758997	0.908032616696441	0.0319719714506855	0.0765978425117844	0
Em	490	0.831332706606517	0.170254714336247	0.117388170659324	0.92300193349122	0.0546891934864307	0.0585189006237913	0.00285218166425195
Em	492	0.816055092357963	0.156655679482045	0.107896196303445	0.932651754017188	0.0690835799319748	0.0552056665591178	0.00132982624859314
Em	494	0.801980063115635	0.142943884172313	0.0992721527401667	0.94268947743837	0.082329172950775	0.0452211052485891	0.00210080389303306
Em	496	0.785816528032238	0.134460504566728	0.0902675350341132	0.948979101759464	0.0877096339442643	0.042271267380585	0
Em	498	0.771476650170586	0.124062556478284	0.0827723217370985	0.9557128972405	0.0929185771656116	0.0380490906607722	0
Em	500	0.754699786504971	0.114521746720414	0.0757057941332204	0.962048376343435	0.101078844407558	0.0382575699312596	0
Em	502	0.738263048484258	0.105420213641365	0.0694635205136432	0.968198965838681	0.106419721101009	0.0369825187804422	0.00120090644523106
Em	504	0.720147489864338	0.10025836312553	0.0628287042480608	0.974075409027216	0.100621305083358	0.0361202553183151	0.0019657741460345
Em	506	0.701461642129133	0.0952450238140198	0.05747125252663	0.981452754774016	0.098302838549397	0.0385986658739023	0.00324648039519707
Em	508	0.682208316519622	0.0918126554779055	0.0536525564218838	0.987463695117418	0.0929402245034343	0.0412043885076853	0.00557619438489901
Em	510	0.662369961616272	0.0921949363540318	0.049387361855731	0.993085133078705	0.0822814932585568	0.0432911312439223	0.0061160417517665
Em	512	0.645395822631165	0.0898506453995231	0.0462725543675732	0.996807170086555	0.0746035122112732	0.0487490523639283	0.00660502214276019
Em	514	0.62883825964878	0.0887539688062609	0.0410112868928925	1	0.0602460493620687	0.053345026811228	0.00710833115525799
Em	516	0.610823996237113	0.089300106517875	0.0381605833348188	0.998980701132506	0.0525126610259657	0.0566817026582944	0.00978312714336251
Em	518	0.594482843817343	0.08874831059103	0.0346265982434978	0.996080111032885	0.0449019507663763	0.0580621007372961	0.00923756682443194
Em	520	0.57859142208837	0.0834322748725693	0.0312078543143383	0.989816661753586	0.0404827110541192	0.0601243420268388	0.00514190023547598
Em	522	0.563537241594509	0.0793012086634928	0.0288537754841557	0.985778040706424	0.0507535422294336	0.0520138733654517	0.0130034514324922
Em	524	0.548704526708999	0.075803784207464	0.0254526463108126	0.977987112232864	0.0470256404188725	0.0508999866277047	0.00824666641749206
Em	526	0.533183368848565	0.0723980319659813	0.0237727857293018	0.969979709993969	0.0515453167429953	0.0480699578813936	0.00499394974485093
Em	528	0.51793570645734	0.0685046999398212	0.0205266063402553	0.960442593436492	0.0510550350289652	0.0452019419087383	0.00663575198745576
Em	530	0.504685358736385	0.0628770179977269	0.0187751562059903	0.94979309376361	0.0541762716296116	0.042721747075255	0.0113753037869508
Em	532	0.491398748869743	0.0592123336474301	0.0168263220427198	0.934997184589145	0.0605756345760609	0.0407235512057057	0.00515509262168609
Em	534	0.475958136658139	0.0517582080840229	0.0142348234530008	0.921097316978684	0.0693292817553866	0.0374893554932282	0.00848307394879482
Em	536	0.464975560522876	0.0490418492688492	0.0131718367923492	0.905903772063381	0.0649799472861162	0.0402666486503417	0.00701258528553163
Em	538	0.449394582505211	0.0468150982694902	0.0120407254275604	0.892286927443634	0.0693660537494186	0.0406793398047583	0.00184295448415725
Em	540	0.436760956391864	0.0444787547265161	0.0104820629417985	0.878620912147822	0.0641431411114946	0.0398822952702865	0.00143708653698447
Em	542	0.423200997394209	0.0435490088447172	0.00948602837677466	0.868829602524068	0.0689932573563422	0.0316938961353178	0.00287360919734603
Em	544	0.408621394720484	0.0404517807606238	0.0091296358008351	0.850963619830091	0.0696538744504761	0.0287831536437894	0.0075781968462796
Em	546	0.396092932066229	0.0421606767536617	0.00836900023328578	0.837546946961187	0.0633322237250777	0.0299166722887441	0.00345169247038757
Em	548	0.384906649856981	0.0379286485121636	0.00709009817509984	0.818003863662528	0.0671977531061819	0.0272888202742102	0
Em	550	0.37287855719328	0.0366201932556412	0.00649136012046578	0.803910121483047	0.0725274516089626	0.021682173951234	0.00589435553153127
Em	552	0.362691609880268	0.032505472415846	0.00467223220209766	0.783186596518894	0.0691730639586073	0.0259115405543523	0.00343767283163127
Em	554	0.350841232566864	0.0313137189119045	0.00477275108544998	0.768717291842021	0.0731284725559573	0.0209730028318785	0.00473726294584061
Em	556	0.338711898574228	0.0312793970341332	0.00452116823348391	0.74981287721358	0.0733788208322899	0.0237105873573037	0.00700674911633999
Em	558	0.32938459830087	0.028635341953291	0.00288876581399899	0.728523443828798	0.075908086502622	0.0178548858138332	0.0036630084959661
Em	560	0.316766589969944	0.0289853913016513	0.00213647264146249	0.715555982343904	0.0757688632757847	0.0163223164205033	0.00652222157490754
Em	562	0.306759726947269	0.0291259200668537	0.00270052238421027	0.704842705205497	0.0626785116139462	0.0193652824730789	0.000958287549842774
Em	564	0.293685288263604	0.0295782403371153	0.00301640024925055	0.688031301821499	0.0691452001575443	0.0105684958452267	0.00532176847995041
Em	566	0.28412236841869	0.0296870637509958	0.00208925780735444	0.67225045088454	0.0641158919109207	0.00694720202381857	0.000213471624905656
Em	568	0.271566556573607	0.0294114714795943	0.00243446959728984	0.65674980268331	0.0603776397855797	0.00993799524169955	0
Em	570	0.249605189655917	0.0216096028149611	0.00189749552150795	0.601334687890581	0.0835383521200722	0.00642593947496237	0.00291079731435368
Em	572	0.241264749316185	0.023334923486361	0.00124110800067563	0.59109560447388	0.0760390537518164	0.00595530410733088	0.00457298049887705
Em	574	0.236658812699001	0.0230217963995554	0.00105964704290616	0.582611504063249	0.0644594509871463	0.00737902258094259	0
Em	576	0.230691214511353	0.0243725043856493	0.000547368069271859	0.567997574710292	0.060102283669414	0.00551697904199527	0.00236483367617516
Em	578	0.222540956654056	0.0223751673360723	0.000501783148438864	0.556313293360663	0.0625592482112788	0.00312053269417229	0.00642245473081601
Em	580	0.216311381976412	0.0201326485251331	0.000626099222875301	0.539924595153324	0.0625634206252011	0.00523646519814862	0.00314698683887944
Em	582	0.207917326806142	0.0203260209054414	0.000855400547332938	0.524779304278319	0.0640953907638389	0.00293714815127164	0
Em	584	0.201602604695797	0.0204257455177872	0.000449570511831551	0.511815257078152	0.0661097132439006	0	0.00322442659853926
Em	586	0.196057873914033	0.0189074969985523	0	0.497895861883416	0.0620939276077314	0.000419058474268037	0
Em	588	0.189826240780809	0.0179134138844487	0	0.482862803342786	0.0640735213129875	0.00150654719823344	0.000166739836269353
Em	590	0.185314205184831	0.0148215419298071	0	0.468882849123386	0.062690368334223	0.000481745144469937	0.000608324646334572
Em	592	0.178505025145422	0.0145835099038361	1.18453205597555e-23	0.451839712495525	0.0633892201029386	0	0.00071899688395878
Em	594	0.173368372957294	0.0144623329318094	0	0.441610483508946	0.0605155837287656	0.000448177198117654	0
Em	596	0.166704226691826	0.0141484675917394	0	0.426635272527233	0.0583310410410097	0.00180827477733615	0.00159735116471971
Em	598	0.16172458753967	0.0126612069841248	0	0.414096821088912	0.0623737343379279	0	0
Em	600	0.154042426203841	0.0129461343129644	0	0.404256562305671	0.0626522526072224	5.27151823149572e-20	0.00174812566464621
